[State]
LastPostedFoundTime = 2023-02-26T12:00:00+10:00

[SearchTerms]
Latitude = -27.46794
Longitude = 153.02809
RadiusMeters = 0
