[State]
LastPostedFoundTime = 2023-02-24T17:32:31+10:00

[SearchTerms]
Latitude = -27.46794
Longitude = 153.02809
RadiusMeters = 0
