[State]
LastPostedFoundTime = 2023-02-28T15:47:32+10:00

[SearchTerms]
Latitude = -27.46794
Longitude = 153.02809
RadiusMeters = 0
