[State]
LastPostedFoundTime = 2023-02-25T17:59:08+10:00

[SearchTerms]
Latitude = -27.46794
Longitude = 153.02809
RadiusMeters = 0
